56208
52621
95252
79799
88005
61887
48454
62543
68631
76702
70838
18680
51787
37646
85603
37768
90135
35469
21245
18699
21078
10873
91781
56840
81094
71762
64670
33536
24607
37829
36203
31747
22170
28403
82265
10713
76191
99737
75120
82607
81396
11533
21138
97567
11179
19548
43080
90155
21664
90621
52392
82246
14857
56878
48921
49545
84329
71390
27461
94969
32344
89304
61343
38097
21480
79330
29803
83903
82961
19048
46338
65120
94574
43129
80135
13860
23228
75373
72438
62029
46550
86921
34790
98862
82648
23156
86507
78535
86410
23699
43083
69925
93761
31314
31775
50720
59647
95275
12756
93464
50801
12063
10930
96820
51672
35874
23608
94056
46387
34304
83311
25295
17263
70673
68716
52238
99670
50516
84006
61795
43228
77557
98130
96939
95849
16209
65420
94486
66223
43524
62859
90225
88954
75285
38457
42857
10995
91376
77255
89361
59270
71756
87966
58398
96091
17150
39389
76990
61924
95291
50147
53391
36506
52291
12731
60534
79539
56787
54143
98095
30744
12926
51613
36198
28401
56046
70329
95114
60740
56549
57725
56639
79567
94022
96358
12302
76023
15612
17185
46709
13154
88519
32560
65035
92462
69416
35688
28438
82325
78531
24899
85012
23508
66264
66503
15986
79146
37435
62752
26512
40841
46251
34026
50440
76774
22007
94909
58404
75320
76222
91724
48733
36629
58515
12471
37709
14932
98634
97279
96785
12591
36934
41593
78262
60695
79770
41948
84058
35466
99842
57631
22167
61786
69070
30553
96972
49251
50994
91178
29903
92270
50470
68328
87788
56579
23154
29012
24751
12191
14613
88157
78319
57573
49634
80779
58363
38626
44119
87012
94285
47957
98671
80957
75724
55207
26929
88177
42538
60062
31875
84401
30370
77609
54400
16998
53993
80345
33089
59754
10070
79056
38998
78946
17022
26488
29505
87585
11881
34065
92780
84213
89873
88432
27932
75295
87532
89045
90024
83717
44095
61389
45153
53642
79895
62353
31718
47638
68079
99980
28989
55315
39285
63939
79274
67372
37081
90006
78226
49740
57801
99700
20514
74207
30895
45690
59599
36570
27098
23232
64885
85030
91242
32735
84321
15556
65535
46287
72870
26102
53627
24886
96189
24759
98950
47061
74001
91701
35581
55474
39955
16183
76584
22474
23396
71483
94355
16187
48892
78206
90897
60606
15976
64132
30030
58524
37832
78244
10124
45015
98771
69753
71588
39250
60302
44720
49715
17921
20595
71304
52931
12734
96838
69950
20134
44631
21834
87705
67003
57615
24713
92252
69531
95550
69979
86183
97271
34116
61862
69230
39386
91297
91115
65373
22264
42510
31022
79868
52225
81993
90622
10788
19596
18745
95360
37314
43291
16658
42096
35810
60361
92458
75435
28125
59855
77935
54641
38395
57487
28437
70988
71731
71274
26290
44854
48594
77287
65614
15083
46738
97269
70388
43702
68959
85936
66276
46788
75138
67218
84121
85923
27696
33242
53268
74163
35519
95673
75926
31828
13255
91251
35165
89359
56104
23120
27928
13036
68217
90595
64564
20580
95473
23762
94918
95915
43165
28604
77991
69168
67281
63168
54261
43629
58472
87513
78278
27186
12183
85071
74115
38589
59858
81623
18220
80203
25112
27487
52735
57441
16583
68008
93205
29428
63669
27809
71814
36345
19141
85043
35017
72320
66740
28399
22592
30299
34919
19792
25687
83082
40314
80873
21542
55959
77334
19353
19186
34259
13064
41193
55457
16381
50435
50032
49806
18336
13333
90334
60180
93184
74440
63011
40458
23721
63922
95151
51880
20539
93904
72851
42399
99078
12254
10577
46056
51235
50954
77199
18283
52859
15246
93836
49522
73549
31118
51627
89566
23542
54992
24990
33159
53499
84995
45818
41169
40120
64286
63432
99949
61077
36433
54816
85544
60397
76341
31479
16260
96337
65067
26483
96326
14058
13393
65901
38500
20118
44353
47498
93041
46970
33688
68223
87884
65159
58329
42199
76135
46639
65739
43290
31619
77506
65377
31884
52311
99796
51116
41167
16379
12306
31299
73188
11052
65938
26961
95494
59265
87502
70660
12091
41613
68419
26943
89349
16651
95467
89990
85616
16479
76664
78928
31423
93437
85851
76954
16646
48296
77084
27964
41032
32094
29499
79737
25423
12219
70282
87976
57871
81209
56626
29128
14975
58884
24278
77033
74285
10130
34728
40336
62399
95138
12955
74887
18948
28427
67749
94522
76210
78717
13088
80352
68720
62146
39371
41619
90093
32716
11280
22129
24812
43238
35791
13162
57534
66069
49841
23345
36649
37193
18519
34081
47018
30452
12559
32825
16051
80171
19374
57295
81314
33479
38611
63785
18774
98510
85801
10744
15097
52514
86860
27804
62601
86020
26991
98690
18491
85009
11329
10782
85026
26888
36315
49098
59474
86676
55178
53985
65575
57292
24657
82204
82639
81107
89946
93306
62863
48547
12374
81681
94195
15303
36395
28572
62931
33902
25697
86956
73957
83525
16581
96012
14067
66384
43782
53517
17126
10854
68594
89786
81737
71138
77457
99540
15369
73475
35348
67944
91345
48703
56450
75169
27015
34175
21184
95716
25738
79049
54904
12813
95857
17456
24008
92925
17008
53399
84080
23522
80392
67497
31797
67380
29237
32106
17711
19802
46456
17560
59598
30808
78213
34411
22714
88368
49172
28106
34595
67363
50389
57932
85665
68846
37420
70969
53989
30509
92232
12314
59372
31019
28072
51728
82597
66512
89805
13220
19121
27852
29411
10756
60773
81746
90653
59400
97489
20132
82210
90436
92889
40727
76922
27554
47592
78580
91390
82409
60005
46353
89672
52436
71495
59787
13621
16093
11603
31593
70829
61100
71072
33450
65493
51250
49691
41947
60973
44926
90989
98883
83974
86576
32534
57475
86499
26325
16737
88460
10798
59899
84722
38117
12595
23267
70504
44104
22950
66137
18407
37598
28201
19404
53725
56941
88231
30916
81019
91386
29455
32603
61578
67431
85884
40799
27326
79681
35614
99407
30288
59805
27031
51952
63420
96282
45123
95858
85339
19887
20177
92548
28915
48995
32153
14697
15115
97258
11833
20476
57780
20868
55154
51855
58551
32367
70926
95196
30949
93955
14553
67116
34377
69983
92220
69116
83291
63499
48167
70014
40226
71699
40455
74381
88846
17219
78747
98201
54571
85738
17375
44862
15932
79584
77641
54882
87246
33635
75249
46712
48228
17264
58907
62693
72122
70553
43027
69420
91527
34146
77998
80279
35125
33786
82027
10855
66407
50926
73591
97759
82742
16002
53455
66703
76244
87526
92147