95668
74203
33335
26047
37435
93836
95821
40154
73255
79056
34466
46550
55754
48228
29306
75105
21612
74470
49622
49193
61415
95775
60483
42667
12954
61434
22232
77827
75889
78341
82413
95700
79056
89045
37081
74405
43205
87526
72550
40971
47693
39908
40655
42427
89506
50064
93836
37743
58398
89990
94519
62358
73475
69951
56211
83117
12955
48442
28450
86731
14652
37435
61730
85797
31806
58398
73475
58398
37081
16800
45021
97811
18471
37435
20553
30053
37081
99812
43358
81330
11995
92694
20959
85030
53872
43559
43025
78226
58158
18312
25346
11280
82246
38097
47098
24867
66769
17550
82744
99949
55400
60335
12955
63957
40727
40727
79584
80438
50916
37081
93836
43512
63763
30357
11280
27269
49467
93196
78719
33177
87640
99949
64716
61786
79056
89990
44437
11280
99949
86363
61786
84321
98335
17907
73475
24650
32077
57464
90595
86284
46550
57794
17022
55419
37435
87526
12196
67087
34998
73475
84321
84401
93836
27344
50538
89078
10368
99949
40727
75373
52795
38097
50801
65515
27065
78440
71912
36977
47082
11280
26874
89045
29741
76570
90832
95795
82246
97271
90595
45432
46550
43458
90478
71620
61237
79584
21793
39240
27813
84321
36148
89990
67634
60161
38477
91668
63922
85030
85977
81606
82246
73475
19249
41947
11280
60880
87526
84321
18175
89990
15431
37574
12879
21379
45395
79056
47109
80670
38097
84321
89556
61786
32076
38097
50941
93836
58398
63922
34206
86919
53042
33022
68147
89045
48228
46550
79584
75840
59794
18646
63922
19887
87526
29501
59667
37081
69142
89990
38097
62616
75476
74115
37081
88296
23920
45944
23891
43477
92308
19887
58398
73475
90536
97254
34449
46570
67524
87526
34610
89453
51230
37435
26508
89045
76877
49621
11280
83000
54338
58398
47218
94596
93836
58398
96876
48228
84630
50840
89196
57959
19887
64164
76456
48228
51234
48228
79056
40848
70022
35548
31672
80712
46743
27572
63922
43553
16679
37435
82246
53198
72011
57048
79056
44485
46550
89990
46550
14583
39212
58398
89990
78226
90650
37435
48228
95569
43919
46550
58398
62096
17022
68818
79056
35330
73475
20996
47868
88715
28963
60988
17144
76191
45636
93836
90595
11280
50701
79056
50020
95451
78226
61285
97165
37435
50801
26883
82246
19971
44272
53164
54389
30489
87526
56758
78226
38097
99949
28222
95384
10124
82069
56590
55040
75373
75373
89857
63358
41212
86278
42672
79056
51840
91553
46460
57523
82246
67785
90674
46550
27095
37081
40818
98970
52208
56378
66222
56073
26938
60312
73475
27731
71904
32930
84534
24914
11750
79584
11280
22693
29200
36850
74840
89990
48049
40727
88941
42023
91462
67282
64835
79056
68039
44179
53140
17022
63922
79056
60560
42839
11280
44391
97823
50801
28186
90871
73475
84401
12542
84321
92183
79584
50801
40727
67896
61786
79046
51794
16350
37435
46550
64738
97663
90595
13720
37435
76504
50898
46367
34762
19661
60459
57486
68802
10446
94429
87135
89045
77093
19604
38456
99949
19970
49478
73475
21655
10124
89045
12955
36803
34514
92874
11280
56533
85394
38097
53704
15651
34888
71810
42387
58282
50530
40720
37435
95576
51328
36378
83458
74359
88649
93836
76277
73090
91190
87028
69002
71868
10124
38242
53921
17022
78733
81140
45195
40727
89045
93836
90916
82874
63922
11066
94833
37081
21529
73475
95072
74519
49662
72223
65670
19770
50801
46550
37435
90595
19267
82246
62302
26507
87526
91304
57800
17206
38097
98112
54229
62420
46550
61786
63519
84321
44243
37435
39472
12660
56517
63922
87526
98536
97622
88978
40727
75373
61786
93643
37435
11280
37435
19657
17022
72286
50732
14636
26973
84321
30593
24130
17022
82246
59964
84321
52196
37081
79027
17420
10124
62284
44801
17022
54149
65898
53423
57276
79584
40727
49739
47833
46550
75373
90514
94553
37435
74006
37350
20844
93433
49055
40727
86698
86616
56317
84321
81238
93836
95658
73020
18876
97271
48015
70147
42268
89990
98705
58398
23555
32132
84797
89045
26719
20739
58398
89990
17022
28221
98021
86929
51259
83454
74941
45590
82778
52691
15659
74584
46550
70921
99119
78157
82246
49175
13077
68557
58628
29077
11280
43034
58398
45328
28793
38794
36392
46550
27547
73475
32903
11456
17022
45936
53688
16609
93836
93836
26898
80949
17022
82892
36081
80671
18670
41082
69651
84952
27315
58398
45626
27624
94534
10124
86431
97662
53170
15678
63618
11541
38097
79056
76443
64707
61786
75935
48882
58817
91051
19974
17022
54710
84738
38097
49965
79056
49754
70415
72330
73475
17022
11280
37435
96099
22005
79155
70452
15399
69989
79768
79056
20212
70405
40727
34001
42445
37435
38097
41947
84321
87526
47299
82817
37081
10439
73475
74139
97271
41394
46550
86956
55301
95539
84321
24017
93928
10804
45406
88845
83483
51476
55123
29803
19887
90129
40727
38351
75373
29489
71797
68046
89990
17022
11280
84321
62041
54740
87693
39716
99949
97271
20757
99901
84321
70680
45299
85030
64377
97271
70254
75062
68773
47161
74505
87526
30203
17022
98227
13325
49498
62070
37081
89518
46550
29610
47817
13477
61786
35480
37081
67389
64837
10592
86193
89045
61786
79584
37435
30525
65269
90595
33649
74115
15566
84257
75483
85030
74115
81520
63922
64612
76983
75373
58019
67527
36949
46706
89043
72753
31313
89644
97271
88672
82080
11688
23550
14905
44079
40678
43722
80985
18182
19573
17022
78420
87324
75728
63922
80324
53958
90334
26377
11280
41947
93836
79584
31156
51436
12955
89990
96353
61786
17022
48359
44884
61786
61786
93836
87954
35723
30386
67713
17323
77745
32708
43190
71687
58398
17022
61963
54790
56390
75766
97271
78757
97271
63922
85030
84321
99949
61786
24323
79868
33781
41947
83925
73475
46011
23123
79332
42378
46922
12955
15692
89045
97271
11280
38097
54190
10124
66109
12955
46550
17022
17307
17022
32553
98702
81650
66465
84663
38097
58398
97259
55843
31921
21175
75150
37081
87869
16813
72786
79056
94071
60493
16754
94004
32933
10128
61786
11579
85680
79584
38097
11280
10124
30127
97271
13990
78226
12411
75750
11343
74967
79739
30775
18354
68841
49837
10897
46550
11030
17022
58398
38097
75159
41878
60331
55151
91967
39458
86956
87904
43222
73934
90334
97905
10124
96995
88728
91008
77608
63922
38917
49903
38097
49360
97271
84321
49137
57753
38875
40727
92842
49664
87526